Metadata: 
[0,	0,	0,	0,	0,	0,	0,	0,	
0,	0,	0,	0,	0,	0,	0,	0,	
0,	0,	0,	0,	0,	0,	0,	0,	
0,	0,	0,	0,	0,	0,	0,	0,	
0,	0,	0,	FF,	FF,	FF,	FF,	FF,	
FF,	FF,	FF,	FF,	FF,	FF,	FF,	FF,	
FF,	FF,	FF,	FF,	FF,	FF,	FF,	FF,	
FF,	FF,	FF,	FF,	FF,	FF,	FF,	FF]

-0.500000,305,366,48000,12500,4.200000,4.200000,8000,400,2000,101719
-0.500000,305,366,48000,12500,4.200000,4.200000,8000,400,2000,101412
-0.500000,305,366,48000,12500,4.200000,4.200000,8000,400,2000,101806
-0.500000,305,366,48000,12500,4.200000,4.200000,8000,400,2000,101832
